---
header: 
  seq: 415
  stamp: 
    secs: 1415737751
    nsecs: 377816916
  frame_id: odom
child_frame_id: base_footprint
pose: 
  pose: 
    position: 
      x: 11.6285123825
      y: -4.57334804535
      z: -0.133754432201
    orientation: 
      x: 0.00210178630743
      y: -0.00735782042484
      z: -0.411720587425
      w: 0.91127799657
  covariance: [0.00037385051837190986, 0.0, 0.0, 0.0, 0.0, 0.0, 0.0, 0.00037385051837190986, 0.0, 0.0, 0.0, 0.0, 0.0, 0.0, 0.00037385051837190986, 0.0, 0.0, 0.0, 0.0, 0.0, 0.0, 0.00037385051837190986, 0.0, 0.0, 0.0, 0.0, 0.0, 0.0, 0.00037385051837190986, 0.0, 0.0, 0.0, 0.0, 0.0, 0.0, 0.00037385051837190986]
twist: 
  twist: 
    linear: 
      x: 0.328176558018
      y: 0.00964462198317
      z: -0.0738845542073
    angular: 
      x: -0.0545504875481
      y: 0.0458818972111
      z: -0.392416864634
  covariance: [0.00018692525918595493, 0.0, 0.0, 0.0, 0.0, 0.0, 0.0, 0.00018692525918595493, 0.0, 0.0, 0.0, 0.0, 0.0, 0.0, 0.00018692525918595493, 0.0, 0.0, 0.0, 0.0, 0.0, 0.0, 0.00018692525918595493, 0.0, 0.0, 0.0, 0.0, 0.0, 0.0, 0.00018692525918595493, 0.0, 0.0, 0.0, 0.0, 0.0, 0.0, 0.00018692525918595493]
---
header: 
  seq: 416
  stamp: 
    secs: 1415737751
    nsecs: 440309048
  frame_id: odom
child_frame_id: base_footprint
pose: 
  pose: 
    position: 
      x: 11.6458148956
      y: -4.59024477005
      z: -0.131090074778
    orientation: 
      x: 0.00165652681774
      y: -0.00439140953089
      z: -0.421525733678
      w: 0.906804383826
  covariance: [0.000372280745068565, 0.0, 0.0, 0.0, 0.0, 0.0, 0.0, 0.000372280745068565, 0.0, 0.0, 0.0, 0.0, 0.0, 0.0, 0.000372280745068565, 0.0, 0.0, 0.0, 0.0, 0.0, 0.0, 0.000372280745068565, 0.0, 0.0, 0.0, 0.0, 0.0, 0.0, 0.000372280745068565, 0.0, 0.0, 0.0, 0.0, 0.0, 0.0, 0.000372280745068565]
twist: 
  twist: 
    linear: 
      x: 0.386370658875
      y: 0.0294608008116
      z: 0.0378355942667
    angular: 
      x: -0.0549296364188
      y: 0.0783464163542
      z: -0.345147371292
  covariance: [0.0001861403725342825, 0.0, 0.0, 0.0, 0.0, 0.0, 0.0, 0.0001861403725342825, 0.0, 0.0, 0.0, 0.0, 0.0, 0.0, 0.0001861403725342825, 0.0, 0.0, 0.0, 0.0, 0.0, 0.0, 0.0001861403725342825, 0.0, 0.0, 0.0, 0.0, 0.0, 0.0, 0.0001861403725342825, 0.0, 0.0, 0.0, 0.0, 0.0, 0.0, 0.0001861403725342825]

